Vector(-11.53665, -13.142025, 5.393095),
Vector(-11.53665, -13.142025, -5.39311),
Vector(11.53665, -13.142025, 5.393095),
Vector(11.53665, -13.142025, -5.39311),
Vector(-11.3563, 13.97175, -5.6927),
Vector(11.28012, 14.20529, -5.61571),
Vector(11.35629, 13.971785, 5.692715000000001),
Vector(-11.3563, 13.97175, 5.692705),
Vector(-11.33335, 16.3811, -2.34896),
Vector(-11.49515, 16.172, -2.988685),
Vector(-10.809525, 16.76175, -2.980335),
Vector(-4.09155, 8.0398, -1.5698750000000001),
Vector(-4.20335, 7.895325, -2.0119000000000002),
Vector(-3.7296, 8.302825, -2.00615),
Vector(-9.40465, 13.032874999999999, -1.753425),
Vector(-8.6572, 13.722000000000001, -1.323025),
Vector(-13.532375000000002, 16.154275, 0.41714),
Vector(-12.784925000000001, 16.843375, 0.84754),
Vector(-12.38715, 18.80705, -5.819035),
Vector(-11.6397, 19.496175, -5.388635000000001),
Vector(-6.377025, 11.2144, 2.134925),
Vector(-8.6411, 12.614075, 2.079825),
Vector(-7.024274999999999, 12.614075, -0.03535),
Vector(-8.241075, 14.87885, 3.4211799999999997),
Vector(-5.625, 14.87885, -0.001325),
Vector(-5.319425, 11.59255, 2.9433249999999997),
Vector(-5.281375000000001, 11.59255, 1.3789000000000002),
Vector(-3.988625, 13.746475, 2.975725),
Vector(-4.938975, 13.746475, 4.219025),
Vector(-8.8035, 13.746475, 2.858575),
Vector(-8.765425, 13.746475, 1.2941250000000002),
Vector(-4.6658, 15.077675, 3.44298),
Vector(-8.5303, 15.077675, 2.08255),
Vector(-1.5578500000000002, 12.831875, 2.4078),
Vector(-0.86815, 12.831875, 4.444525),
Vector(-2.592075, 12.831875, 5.72985),
Vector(-3.708, 12.831875, 2.4343500000000002),
Vector(-0.8821, 14.661074999999999, 3.31415),
Vector(-2.61465, 15.791575, 3.90081),
Vector(-3.633025, 12.0068, 4.245625),
Vector(-4.275675, 12.671275, 3.3836749999999998),
Vector(-2.00675, 13.746475, 1.9481499999999998),
Vector(-0.945425, 13.746475, 5.082385),
Vector(-3.6412250000000004, 15.48615, 3.58123),
Vector(2.0816, 8.97795, -0.11505),
Vector(4.31964, 10.816555000000001, 1.6393750000000002),
Vector(1.1353, 10.73925, 2.5730750000000002),
Vector(1.2652450000000002, 10.745525, -2.84375),
Vector(4.80564, 13.966985000000001, 0.07556),
Vector(-0.264, 13.589125, 1.503475),
Vector(-0.182615, 13.589335, -1.845645),
Vector(2.95554, 13.812305, -2.7288099999999997),
Vector(3.87138, 12.222535, 2.52523),
Vector(1.2899949999999998, 13.89303, -2.693705),
Vector(2.5802199999999997, 15.052075, -1.63605),
Vector(13.152740000000001, 15.902135, -3.6218450000000004),
Vector(4.955185, 11.14209, 0.33431),
Vector(11.595675, 15.95374, -6.784274999999999),
Vector(3.404205, 11.17635, -2.833025),
Vector(-2.824125, -2.013475, 9.643475),
Vector(-1.8445, -1.290475, 9.621575),
Vector(-4.6389249999999995, 0.38932500000000003, 9.261825),
Vector(4.63825, 0.38932500000000003, 9.261825),
Vector(1.8437999999999999, -1.290475, 9.621575),
Vector(2.8234500000000002, -2.013475, 9.643475),
Vector(5.167075, 5.003425, 6.9311750000000005),
Vector(6.0759, -4.79245, 7.708975000000001),
Vector(4.817699999999999, -3.4686, 9.888449999999999),
Vector(2.678425, -6.408875, 8.00695),
Vector(2.07255, -0.531575, 10.21355),
Vector(1.914775, -4.696025, 10.103625000000001),
Vector(0.786375, -2.2342750000000002, 11.140625),
Vector(0.740725, -3.5688500000000003, 10.921025),
Vector(-1.9154499999999999, -4.696025, 10.103625000000001),
Vector(-4.818375, -3.4686, 9.888449999999999),
Vector(-5.167775, 5.003425, 6.9311750000000005),
Vector(-6.0766, -4.79245, 7.708975000000001),
Vector(-1.59895, -1.217375, 10.392275),
Vector(2.0419, -1.7525, 10.2711),
Vector(1.59825, -1.217375, 10.392275),
Vector(4.764025, 0.6463249999999999, 9.781075),
Vector(4.993275, -0.027950000000000003, 9.799825),
Vector(4.083875, -3.09075, 8.640625),
Vector(2.973925, -5.281000000000001, 8.451775),
Vector(-4.08455, -3.09075, 8.640625),
Vector(-2.9746, -5.281000000000001, 8.451775),