Vector(1.8013599999999999, 3.58643, -0.49632999999999994),
Vector(0.263885, -0.01629, -0.28361000000000003),
Vector(1.8013599999999999, 3.58643, 0.49632999999999994),
Vector(0.263885, -0.01629, 0.28361000000000003),
Vector(-1.8013599999999999, 3.58643, -0.49632999999999994),
Vector(-0.263885, -0.01629, -0.28361000000000003),
Vector(-1.8013599999999999, 3.58643, 0.49632999999999994),
Vector(-0.263885, -0.01629, 0.28361000000000003),
Vector(-1.8013599999999999, -0.01629, -0.49632999999999994),
Vector(-1.8013599999999999, -0.01629, 0.49632999999999994),
Vector(1.8013599999999999, -0.01629, -0.49632999999999994),
Vector(1.8013599999999999, -0.01629, 0.49632999999999994),
Vector(0.263885, -3.014805, -0.28361000000000003),
Vector(0.263885, -3.014805, 0.28361000000000003),
Vector(-0.263885, -3.014805, -0.28361000000000003),
Vector(-0.263885, -3.014805, 0.28361000000000003),
